RUN_TYPE: PQC 
OPERATOR: A. Kyriakis
RUN_BEGIN_TIMESTAMP: 2021-09-28 13:19:46
NAME_LABEL: 37400_015_2-S_HM_WW
KIND_OF_PART: 2S Halfmoon W
KIND_OF_HM_FLUTE_ID: PQC1
KIND_OF_HM_STRUCT_ID: CAP_W
KIND_OF_HM_SET_ID: Left
KIND_OF_HM_CONFIG_ID: Not Used
PROCEDURE_TYPE: NONE
WAITING_TIME_S: 0.100
AC_FREQ_HZ: 10000
AC_AMPL_V: 0.250
TEMP_SET_DEGC: 22.6
AV_TEMP_DEGC: 22.6

            TIME	     VOLTS	CAPCTNC_PFRD	RESSTNC_MOHM	 TEMP_DEGC	AIR_TEMP_DEGC	    RH_CNT
2021-09-28 01:19:46	-5.000E+0	2.420E+0	83.333E+0	22.600E+0	22.600E+0	27.500E+0
2021-09-28 01:19:47	-4.900E+0	2.320E+0	40.000E+0	22.600E+0	22.600E+0	27.500E+0
2021-09-28 01:19:48	-4.800E+0	2.270E+0	83.333E+0	22.600E+0	22.600E+0	27.500E+0
2021-09-28 01:19:49	-4.700E+0	2.110E+0	-71.429E+0	22.600E+0	22.600E+0	27.500E+0
2021-09-28 01:19:51	-4.600E+0	2.390E+0	333.333E+0	22.600E+0	22.600E+0	27.500E+0
2021-09-28 01:19:52	-4.500E+0	2.510E+0	83.333E+0	22.600E+0	22.600E+0	27.500E+0
2021-09-28 01:19:53	-4.400E+0	2.460E+0	333.333E+0	22.600E+0	22.600E+0	27.500E+0
2021-09-28 01:19:54	-4.300E+0	2.330E+0	100.000E+0	22.600E+0	22.600E+0	27.500E+0
2021-09-28 01:19:55	-4.200E+0	2.720E+0	333.333E+0	22.600E+0	22.600E+0	27.500E+0
2021-09-28 01:19:56	-4.100E+0	2.320E+0	-250.000E+0	22.600E+0	22.600E+0	27.500E+0
2021-09-28 01:19:57	-4.000E+0	2.590E+0	1.000E+3	22.600E+0	22.600E+0	27.500E+0
2021-09-28 01:19:58	-3.900E+0	2.630E+0	58.824E+0	22.600E+0	22.600E+0	27.500E+0
2021-09-28 01:19:59	-3.800E+0	2.470E+0	27.027E+0	22.600E+0	22.600E+0	27.500E+0
2021-09-28 01:20:00	-3.700E+0	2.030E+0	125.000E+0	22.600E+0	22.600E+0	27.500E+0
2021-09-28 01:20:01	-3.600E+0	2.380E+0	-1.000E+3	22.600E+0	22.600E+0	27.500E+0
2021-09-28 01:20:02	-3.500E+0	2.410E+0	-333.333E+0	22.600E+0	22.600E+0	27.500E+0
2021-09-28 01:20:03	-3.400E+0	2.470E+0	100.000E+0	22.600E+0	22.600E+0	27.500E+0
2021-09-28 01:20:04	-3.300E+0	2.690E+0	55.556E+0	22.600E+0	22.600E+0	27.500E+0
2021-09-28 01:20:05	-3.200E+0	2.270E+0	83.333E+0	22.600E+0	22.600E+0	27.500E+0
2021-09-28 01:20:07	-3.100E+0	2.370E+0	100.000E+0	22.600E+0	22.600E+0	27.500E+0
2021-09-28 01:20:08	-3.000E+0	2.700E+0	111.111E+0	22.600E+0	22.600E+0	27.500E+0
2021-09-28 01:20:09	-2.900E+0	2.730E+0	-500.000E+0	22.600E+0	22.600E+0	27.500E+0
2021-09-28 01:20:10	-2.800E+0	2.380E+0	166.667E+0	22.600E+0	22.600E+0	27.500E+0
2021-09-28 01:20:11	-2.700E+0	2.580E+0	40.000E+0	22.600E+0	22.600E+0	27.400E+0
2021-09-28 01:20:12	-2.600E+0	2.320E+0	125.000E+0	22.600E+0	22.600E+0	27.400E+0
2021-09-28 01:20:13	-2.500E+0	2.400E+0	43.478E+0	22.600E+0	22.600E+0	27.400E+0
2021-09-28 01:20:14	-2.400E+0	2.220E+0	38.462E+0	22.600E+0	22.600E+0	27.400E+0
2021-09-28 01:20:15	-2.300E+0	2.290E+0	0.000E+0	22.600E+0	22.600E+0	27.400E+0
2021-09-28 01:20:16	-2.200E+0	2.420E+0	-500.000E+0	22.600E+0	22.600E+0	27.400E+0
2021-09-28 01:20:17	-2.100E+0	2.140E+0	58.824E+0	22.600E+0	22.600E+0	27.400E+0
2021-09-28 01:20:18	-2.000E+0	2.050E+0	-90.909E+0	22.600E+0	22.600E+0	27.400E+0
2021-09-28 01:20:19	-1.900E+0	2.520E+0	66.667E+0	22.600E+0	22.600E+0	27.400E+0
2021-09-28 01:20:20	-1.800E+0	2.420E+0	100.000E+0	22.600E+0	22.600E+0	27.400E+0
2021-09-28 01:20:21	-1.700E+0	2.730E+0	-142.857E+0	22.600E+0	22.600E+0	27.400E+0
2021-09-28 01:20:23	-1.600E+0	2.400E+0	58.824E+0	22.600E+0	22.600E+0	27.400E+0
2021-09-28 01:20:24	-1.500E+0	2.360E+0	41.667E+0	22.600E+0	22.600E+0	27.400E+0
2021-09-28 01:20:25	-1.400E+0	2.520E+0	250.000E+0	22.600E+0	22.600E+0	27.400E+0
2021-09-28 01:20:26	-1.300E+0	2.870E+0	-250.000E+0	22.600E+0	22.600E+0	27.400E+0
2021-09-28 01:20:27	-1.200E+0	2.460E+0	500.000E+0	22.600E+0	22.600E+0	27.300E+0
2021-09-28 01:20:28	-1.100E+0	2.490E+0	0.000E+0	22.600E+0	22.600E+0	27.300E+0
2021-09-28 01:20:29	-1.000E+0	2.940E+0	111.111E+0	22.600E+0	22.600E+0	27.300E+0
2021-09-28 01:20:30	-900.000E-3	2.680E+0	66.667E+0	22.600E+0	22.600E+0	27.300E+0
2021-09-28 01:20:31	-800.000E-3	2.230E+0	125.000E+0	22.600E+0	22.600E+0	27.300E+0
2021-09-28 01:20:32	-700.000E-3	2.540E+0	100.000E+0	22.600E+0	22.600E+0	27.300E+0
2021-09-28 01:20:33	-600.000E-3	2.520E+0	76.923E+0	22.600E+0	22.600E+0	27.300E+0
2021-09-28 01:20:34	-500.000E-3	2.410E+0	90.909E+0	22.600E+0	22.600E+0	27.300E+0
2021-09-28 01:20:35	-400.000E-3	2.600E+0	32.258E+0	22.600E+0	22.600E+0	27.300E+0
2021-09-28 01:20:36	-300.000E-3	2.380E+0	111.111E+0	22.600E+0	22.600E+0	27.300E+0
2021-09-28 01:20:38	-200.000E-3	2.830E+0	111.111E+0	22.600E+0	22.600E+0	27.300E+0
2021-09-28 01:20:39	-100.000E-3	2.530E+0	100.000E+0	22.600E+0	22.600E+0	27.300E+0
2021-09-28 01:20:40	0.000E+0	2.360E+0	27.027E+0	22.600E+0	22.600E+0	27.300E+0
2021-09-28 01:20:41	100.000E-3	2.240E+0	-142.857E+0	22.600E+0	22.600E+0	27.200E+0
2021-09-28 01:20:42	200.000E-3	2.460E+0	333.333E+0	22.600E+0	22.600E+0	27.200E+0
2021-09-28 01:20:43	300.000E-3	2.150E+0	45.455E+0	22.600E+0	22.600E+0	27.300E+0
2021-09-28 01:20:44	400.000E-3	2.160E+0	100.000E+0	22.600E+0	22.600E+0	27.300E+0
2021-09-28 01:20:45	500.000E-3	2.130E+0	333.333E+0	22.600E+0	22.600E+0	27.300E+0
2021-09-28 01:20:46	600.000E-3	2.680E+0	166.667E+0	22.600E+0	22.600E+0	27.200E+0
2021-09-28 01:20:47	700.000E-3	2.340E+0	333.333E+0	22.600E+0	22.600E+0	27.200E+0
2021-09-28 01:20:48	800.000E-3	2.330E+0	-250.000E+0	22.600E+0	22.600E+0	27.200E+0
2021-09-28 01:20:49	900.000E-3	2.850E+0	26.316E+0	22.600E+0	22.600E+0	27.200E+0
2021-09-28 01:20:50	1.000E+0	2.850E+0	-250.000E+0	22.600E+0	22.600E+0	27.200E+0
2021-09-28 01:20:51	1.100E+0	2.560E+0	34.483E+0	22.600E+0	22.600E+0	27.200E+0
2021-09-28 01:20:52	1.200E+0	2.480E+0	-50.000E+0	22.700E+0	22.700E+0	27.200E+0
2021-09-28 01:20:54	1.300E+0	2.580E+0	90.909E+0	22.600E+0	22.600E+0	27.200E+0
2021-09-28 01:20:55	1.400E+0	2.230E+0	83.333E+0	22.600E+0	22.600E+0	27.200E+0
2021-09-28 01:20:56	1.500E+0	2.800E+0	-1.000E+3	22.600E+0	22.600E+0	27.200E+0
2021-09-28 01:20:57	1.600E+0	2.330E+0	111.111E+0	22.600E+0	22.600E+0	27.200E+0
2021-09-28 01:20:58	1.700E+0	2.010E+0	38.462E+0	22.600E+0	22.600E+0	27.200E+0
2021-09-28 01:20:59	1.800E+0	2.490E+0	0.000E+0	22.600E+0	22.600E+0	27.200E+0
2021-09-28 01:21:00	1.900E+0	2.410E+0	-66.667E+0	22.600E+0	22.600E+0	27.200E+0
2021-09-28 01:21:01	2.000E+0	2.360E+0	-55.556E+0	22.600E+0	22.600E+0	27.200E+0
2021-09-28 01:21:02	2.100E+0	2.490E+0	-50.000E+0	22.600E+0	22.600E+0	27.200E+0
2021-09-28 01:21:03	2.200E+0	2.390E+0	76.923E+0	22.600E+0	22.600E+0	27.100E+0
2021-09-28 01:21:04	2.300E+0	2.510E+0	41.667E+0	22.600E+0	22.600E+0	27.100E+0
2021-09-28 01:21:05	2.400E+0	2.480E+0	62.500E+0	22.600E+0	22.600E+0	27.200E+0
2021-09-28 01:21:06	2.500E+0	3.100E+0	-83.333E+0	22.600E+0	22.600E+0	27.200E+0
2021-09-28 01:21:07	2.600E+0	2.660E+0	83.333E+0	22.600E+0	22.600E+0	27.100E+0
2021-09-28 01:21:08	2.700E+0	2.310E+0	55.556E+0	22.600E+0	22.600E+0	27.100E+0
2021-09-28 01:21:10	2.800E+0	2.370E+0	0.000E+0	22.600E+0	22.600E+0	27.100E+0
2021-09-28 01:21:11	2.900E+0	2.280E+0	62.500E+0	22.600E+0	22.600E+0	27.100E+0
2021-09-28 01:21:12	3.000E+0	2.410E+0	29.412E+0	22.600E+0	22.600E+0	27.100E+0
2021-09-28 01:21:13	3.100E+0	2.570E+0	-166.667E+0	22.600E+0	22.600E+0	27.100E+0
2021-09-28 01:21:14	3.200E+0	2.360E+0	58.824E+0	22.600E+0	22.600E+0	27.100E+0
2021-09-28 01:21:15	3.300E+0	2.440E+0	-111.111E+0	22.600E+0	22.600E+0	27.100E+0
2021-09-28 01:21:16	3.400E+0	2.300E+0	55.556E+0	22.600E+0	22.600E+0	27.100E+0
2021-09-28 01:21:17	3.500E+0	2.560E+0	-76.923E+0	22.600E+0	22.600E+0	27.100E+0
2021-09-28 01:21:18	3.600E+0	2.440E+0	58.824E+0	22.600E+0	22.600E+0	27.100E+0
2021-09-28 01:21:19	3.700E+0	2.630E+0	500.000E+0	22.600E+0	22.600E+0	27.100E+0
2021-09-28 01:21:20	3.800E+0	2.280E+0	-333.333E+0	22.600E+0	22.600E+0	27.100E+0
2021-09-28 01:21:21	3.900E+0	2.300E+0	200.000E+0	22.600E+0	22.600E+0	27.100E+0
2021-09-28 01:21:22	4.000E+0	2.490E+0	55.556E+0	22.600E+0	22.600E+0	27.100E+0
2021-09-28 01:21:23	4.100E+0	2.380E+0	142.857E+0	22.600E+0	22.600E+0	27.100E+0
2021-09-28 01:21:25	4.200E+0	2.470E+0	1.000E+3	22.600E+0	22.600E+0	27.100E+0
2021-09-28 01:21:26	4.300E+0	2.620E+0	-250.000E+0	22.600E+0	22.600E+0	27.100E+0
2021-09-28 01:21:27	4.400E+0	2.410E+0	30.303E+0	22.600E+0	22.600E+0	27.100E+0
2021-09-28 01:21:28	4.500E+0	2.520E+0	0.000E+0	22.600E+0	22.600E+0	27.100E+0
2021-09-28 01:21:29	4.600E+0	2.560E+0	1.000E+3	22.600E+0	22.600E+0	27.100E+0
2021-09-28 01:21:30	4.700E+0	2.300E+0	-66.667E+0	22.600E+0	22.600E+0	27.100E+0
2021-09-28 01:21:31	4.800E+0	2.140E+0	-111.111E+0	22.600E+0	22.600E+0	27.100E+0
2021-09-28 01:21:32	4.900E+0	2.880E+0	-35.714E+0	22.600E+0	22.600E+0	27.100E+0
2021-09-28 01:21:33	5.000E+0	2.530E+0	-200.000E+0	22.600E+0	22.600E+0	27.100E+0
