RUN_TYPE: PQC 
OPERATOR: A. Kyriakis
RUN_BEGIN_TIMESTAMP: 2021-09-29 09:48:16
NAME_LABEL: 37400_037_2-S_HM_EE
KIND_OF_PART: 2S Halfmoon E
KIND_OF_HM_FLUTE_ID: PQC3
KIND_OF_HM_STRUCT_ID: DIODE_HALF
KIND_OF_HM_SET_ID: Left
KIND_OF_HM_CONFIG_ID: Not Used
PROCEDURE_TYPE: NONE
WAITING_TIME_S: 0.500
AC_FREQ_HZ: 100000
AC_AMPL_V: 0.250
TEMP_SET_DEGC: 21.3
AV_TEMP_DEGC: 21.3

            TIME	     VOLTS	CAPCTNC_PFRD	RESSTNC_MOHM	 TEMP_DEGC	AIR_TEMP_DEGC	    RH_CNT
2021-09-29 09:48:17	0.000E+0	114.780E+0	24.492E-3	21.300E+0	21.300E+0	23.000E+0
2021-09-29 09:48:19	-5.000E+0	20.870E+0	2.273E+0	21.300E+0	21.300E+0	23.000E+0
2021-09-29 09:48:20	-10.000E+0	14.735E+0	7.143E+0	21.300E+0	21.300E+0	23.000E+0
2021-09-29 09:48:22	-15.000E+0	12.213E+0	6.711E+0	21.300E+0	21.300E+0	23.000E+0
2021-09-29 09:48:23	-20.000E+0	10.547E+0	7.874E+0	21.300E+0	21.300E+0	23.000E+0
2021-09-29 09:48:24	-25.000E+0	9.355E+0	8.065E+0	21.300E+0	21.300E+0	23.000E+0
2021-09-29 09:48:25	-30.000E+0	8.444E+0	9.174E+0	21.300E+0	21.300E+0	23.000E+0
2021-09-29 09:48:26	-35.000E+0	7.727E+0	11.765E+0	21.300E+0	21.300E+0	23.000E+0
2021-09-29 09:48:27	-40.000E+0	7.005E+0	21.739E+0	21.300E+0	21.300E+0	23.000E+0
2021-09-29 09:48:28	-45.000E+0	6.296E+0	-27.027E+0	21.300E+0	21.300E+0	23.000E+0
2021-09-29 09:48:29	-50.000E+0	5.778E+0	-7.937E+0	21.300E+0	21.300E+0	23.000E+0
2021-09-29 09:48:30	-55.000E+0	5.299E+0	-6.623E+0	21.300E+0	21.300E+0	23.000E+0
2021-09-29 09:48:32	-60.000E+0	5.269E+0	-7.353E+0	21.300E+0	21.300E+0	23.000E+0
2021-09-29 09:48:33	-65.000E+0	5.252E+0	-25.641E+0	21.300E+0	21.300E+0	23.000E+0
2021-09-29 09:48:34	-70.000E+0	5.023E+0	-21.277E+0	21.300E+0	21.300E+0	23.000E+0
2021-09-29 09:48:35	-75.000E+0	4.790E+0	-17.544E+0	21.300E+0	21.300E+0	23.000E+0
2021-09-29 09:48:36	-80.000E+0	4.649E+0	-19.231E+0	21.300E+0	21.300E+0	23.000E+0
2021-09-29 09:48:37	-85.000E+0	4.419E+0	-14.493E+0	21.300E+0	21.300E+0	23.000E+0
2021-09-29 09:48:38	-90.000E+0	4.231E+0	-11.494E+0	21.300E+0	21.300E+0	23.000E+0
2021-09-29 09:48:39	-95.000E+0	4.106E+0	-8.772E+0	21.300E+0	21.300E+0	23.000E+0
2021-09-29 09:48:40	-100.000E+0	3.986E+0	-10.309E+0	21.300E+0	21.300E+0	23.000E+0
2021-09-29 09:48:41	-105.000E+0	3.885E+0	-9.259E+0	21.300E+0	21.300E+0	23.000E+0
2021-09-29 09:48:42	-110.000E+0	3.806E+0	-10.989E+0	21.300E+0	21.300E+0	23.000E+0
2021-09-29 09:48:43	-115.000E+0	3.740E+0	-8.850E+0	21.300E+0	21.300E+0	23.000E+0
2021-09-29 09:48:44	-120.000E+0	3.649E+0	-10.638E+0	21.300E+0	21.300E+0	23.000E+0
2021-09-29 09:48:45	-125.000E+0	3.621E+0	-9.804E+0	21.300E+0	21.300E+0	23.000E+0
2021-09-29 09:48:47	-130.000E+0	3.542E+0	-8.696E+0	21.300E+0	21.300E+0	23.000E+0
2021-09-29 09:48:48	-135.000E+0	3.478E+0	-10.417E+0	21.300E+0	21.300E+0	23.000E+0
2021-09-29 09:48:49	-140.000E+0	3.416E+0	-8.333E+0	21.300E+0	21.300E+0	23.000E+0
2021-09-29 09:48:50	-145.000E+0	3.366E+0	-12.658E+0	21.300E+0	21.300E+0	23.000E+0
2021-09-29 09:48:51	-150.000E+0	3.310E+0	-9.346E+0	21.300E+0	21.300E+0	23.000E+0
2021-09-29 09:48:52	-155.000E+0	3.273E+0	-10.417E+0	21.300E+0	21.300E+0	23.000E+0
2021-09-29 09:48:53	-160.000E+0	3.243E+0	-9.615E+0	21.300E+0	21.300E+0	23.000E+0
2021-09-29 09:48:54	-165.000E+0	3.202E+0	-10.101E+0	21.300E+0	21.300E+0	23.000E+0
2021-09-29 09:48:55	-170.000E+0	3.124E+0	-9.091E+0	21.300E+0	21.300E+0	23.000E+0
2021-09-29 09:48:56	-175.000E+0	3.105E+0	-9.901E+0	21.300E+0	21.300E+0	23.000E+0
2021-09-29 09:48:57	-180.000E+0	3.055E+0	-8.197E+0	21.300E+0	21.300E+0	23.000E+0
2021-09-29 09:48:58	-185.000E+0	3.040E+0	-10.204E+0	21.300E+0	21.300E+0	23.000E+0
2021-09-29 09:48:59	-190.000E+0	3.006E+0	-10.101E+0	21.300E+0	21.300E+0	23.000E+0
2021-09-29 09:49:00	-195.000E+0	2.943E+0	-9.091E+0	21.300E+0	21.300E+0	23.000E+0
2021-09-29 09:49:01	-200.000E+0	2.945E+0	-9.615E+0	21.300E+0	21.300E+0	23.000E+0
2021-09-29 09:49:03	-205.000E+0	2.917E+0	-8.475E+0	21.300E+0	21.300E+0	23.000E+0
2021-09-29 09:49:04	-210.000E+0	2.870E+0	-12.048E+0	21.300E+0	21.300E+0	23.000E+0
2021-09-29 09:49:05	-215.000E+0	2.866E+0	-9.615E+0	21.300E+0	21.300E+0	23.000E+0
2021-09-29 09:49:06	-220.000E+0	2.813E+0	-10.989E+0	21.300E+0	21.300E+0	23.000E+0
2021-09-29 09:49:07	-225.000E+0	2.804E+0	-10.526E+0	21.300E+0	21.300E+0	23.000E+0
2021-09-29 09:49:08	-230.000E+0	2.774E+0	-8.696E+0	21.300E+0	21.300E+0	23.000E+0
2021-09-29 09:49:09	-235.000E+0	2.814E+0	-9.259E+0	21.300E+0	21.300E+0	23.000E+0
2021-09-29 09:49:10	-240.000E+0	2.787E+0	-12.346E+0	21.300E+0	21.300E+0	23.000E+0
2021-09-29 09:49:11	-245.000E+0	2.787E+0	-12.346E+0	21.300E+0	21.300E+0	23.000E+0
2021-09-29 09:49:12	-250.000E+0	2.762E+0	-9.804E+0	21.300E+0	21.300E+0	23.000E+0
2021-09-29 09:49:13	-255.000E+0	2.761E+0	-10.638E+0	21.300E+0	21.300E+0	23.000E+0
2021-09-29 09:49:14	-260.000E+0	2.777E+0	-10.870E+0	21.300E+0	21.300E+0	23.000E+0
2021-09-29 09:49:15	-265.000E+0	2.781E+0	-11.905E+0	21.300E+0	21.300E+0	23.000E+0
2021-09-29 09:49:16	-270.000E+0	2.783E+0	-9.346E+0	21.300E+0	21.300E+0	23.000E+0
2021-09-29 09:49:18	-275.000E+0	2.785E+0	-10.526E+0	21.300E+0	21.300E+0	23.000E+0
2021-09-29 09:49:19	-280.000E+0	2.750E+0	-11.905E+0	21.300E+0	21.300E+0	23.000E+0
2021-09-29 09:49:20	-285.000E+0	2.784E+0	-10.753E+0	21.300E+0	21.300E+0	23.000E+0
2021-09-29 09:49:21	-290.000E+0	2.781E+0	-10.870E+0	21.300E+0	21.300E+0	23.000E+0
2021-09-29 09:49:22	-295.000E+0	2.752E+0	-9.709E+0	21.300E+0	21.300E+0	23.000E+0
2021-09-29 09:49:23	-300.000E+0	2.766E+0	-10.638E+0	21.300E+0	21.300E+0	23.000E+0
2021-09-29 09:49:24	-305.000E+0	2.760E+0	-12.048E+0	21.300E+0	21.300E+0	23.000E+0
2021-09-29 09:49:25	-310.000E+0	2.788E+0	-9.615E+0	21.300E+0	21.300E+0	23.000E+0
2021-09-29 09:49:26	-315.000E+0	2.794E+0	-11.905E+0	21.300E+0	21.300E+0	23.000E+0
2021-09-29 09:49:27	-320.000E+0	2.773E+0	-11.236E+0	21.300E+0	21.300E+0	23.000E+0
2021-09-29 09:49:28	-325.000E+0	2.794E+0	-10.309E+0	21.300E+0	21.300E+0	23.000E+0
2021-09-29 09:49:29	-330.000E+0	2.804E+0	-9.524E+0	21.300E+0	21.300E+0	23.000E+0
2021-09-29 09:49:30	-335.000E+0	2.783E+0	-12.987E+0	21.300E+0	21.300E+0	23.000E+0
2021-09-29 09:49:31	-340.000E+0	2.777E+0	-15.625E+0	21.300E+0	21.300E+0	23.000E+0
2021-09-29 09:49:33	-345.000E+0	2.780E+0	-11.111E+0	21.300E+0	21.300E+0	23.000E+0
2021-09-29 09:49:34	-350.000E+0	2.790E+0	-10.526E+0	21.300E+0	21.300E+0	23.000E+0
2021-09-29 09:49:35	-355.000E+0	2.779E+0	-10.204E+0	21.300E+0	21.300E+0	23.000E+0
2021-09-29 09:49:36	-360.000E+0	2.756E+0	-10.870E+0	21.300E+0	21.300E+0	23.000E+0
2021-09-29 09:49:37	-365.000E+0	2.808E+0	-12.500E+0	21.300E+0	21.300E+0	23.000E+0
2021-09-29 09:49:38	-370.000E+0	2.783E+0	-10.309E+0	21.300E+0	21.300E+0	23.000E+0
2021-09-29 09:49:39	-375.000E+0	2.795E+0	-11.111E+0	21.300E+0	21.300E+0	23.000E+0
2021-09-29 09:49:40	-380.000E+0	2.792E+0	-12.987E+0	21.300E+0	21.300E+0	23.000E+0
2021-09-29 09:49:41	-385.000E+0	2.784E+0	-11.628E+0	21.300E+0	21.300E+0	23.000E+0
2021-09-29 09:49:42	-390.000E+0	2.810E+0	-13.158E+0	21.300E+0	21.300E+0	23.000E+0
2021-09-29 09:49:43	-395.000E+0	2.812E+0	-11.765E+0	21.300E+0	21.300E+0	23.000E+0
2021-09-29 09:49:44	-400.000E+0	2.783E+0	-11.628E+0	21.300E+0	21.300E+0	22.900E+0
2021-09-29 09:49:45	-405.000E+0	2.841E+0	-9.709E+0	21.300E+0	21.300E+0	23.000E+0
2021-09-29 09:49:46	-410.000E+0	2.801E+0	-12.195E+0	21.300E+0	21.300E+0	23.000E+0
2021-09-29 09:49:47	-415.000E+0	2.802E+0	-11.628E+0	21.300E+0	21.300E+0	22.900E+0
2021-09-29 09:49:49	-420.000E+0	2.791E+0	-12.500E+0	21.300E+0	21.300E+0	22.900E+0
2021-09-29 09:49:50	-425.000E+0	2.806E+0	-10.000E+0	21.300E+0	21.300E+0	22.900E+0
2021-09-29 09:49:51	-430.000E+0	2.765E+0	-11.236E+0	21.300E+0	21.300E+0	22.900E+0
2021-09-29 09:49:52	-435.000E+0	2.812E+0	-10.309E+0	21.300E+0	21.300E+0	22.900E+0
2021-09-29 09:49:53	-440.000E+0	2.776E+0	-10.638E+0	21.300E+0	21.300E+0	22.900E+0
2021-09-29 09:49:54	-445.000E+0	2.799E+0	-10.417E+0	21.300E+0	21.300E+0	22.900E+0
2021-09-29 09:49:55	-450.000E+0	2.796E+0	-13.158E+0	21.300E+0	21.300E+0	22.900E+0
2021-09-29 09:49:56	-455.000E+0	2.784E+0	-13.158E+0	21.300E+0	21.300E+0	22.900E+0
2021-09-29 09:49:57	-460.000E+0	2.832E+0	-13.333E+0	21.300E+0	21.300E+0	22.900E+0
2021-09-29 09:49:58	-465.000E+0	2.760E+0	-10.000E+0	21.300E+0	21.300E+0	22.900E+0
2021-09-29 09:49:59	-470.000E+0	2.789E+0	-12.500E+0	21.300E+0	21.300E+0	22.900E+0
2021-09-29 09:50:00	-475.000E+0	2.777E+0	-12.987E+0	21.300E+0	21.300E+0	22.900E+0
2021-09-29 09:50:01	-480.000E+0	2.791E+0	-10.204E+0	21.300E+0	21.300E+0	22.900E+0
2021-09-29 09:50:02	-485.000E+0	2.812E+0	-9.804E+0	21.300E+0	21.300E+0	22.900E+0
2021-09-29 09:50:04	-490.000E+0	2.799E+0	-11.364E+0	21.300E+0	21.300E+0	22.900E+0
2021-09-29 09:50:05	-495.000E+0	2.841E+0	-10.753E+0	21.300E+0	21.300E+0	22.900E+0
2021-09-29 09:50:06	-500.000E+0	2.760E+0	-11.628E+0	21.300E+0	21.300E+0	22.900E+0
